$ANSIBLE_VAULT;1.1;AES256
34343031323138396562383538643931373834313834303166396133666561643535613939393366
6562353538363635646136343263336666363964383836380a366139373663366364373732363861
39306436316538656536306232306537646133613234366539353532376535323039636661346262
6336343234376261300a623238326634326233623861626233633361663663383030316433353333
30633861623839353032396233396462636530353664366137623336646534623562326461343462
37633965643132633038386661386365373565663030383035366439613435333833353663353439
33666534303935653066353566363232613762393362633437666665666530343834643235666365
64373766663063303766623639323263666666626630643137633837633738636465363863383365
37303837613236356465386133396339373939393764303638653563616532343834353265346163
33626235373130373630613936613439303732643437663164616636386665313735303936316565
34666165623236333731396661633231306439303136323831333161306466656362326461373937
65616365353865326630353037643336393535306431306438316433393864646133313137633866
38323335363162646639356235653431396461353235626634343139623138366334616636656133
63636135336664633930653034393231646537633838356238656134343135636131353132636237
66373339303434646237383939313331646238623161373937666562363766396665666334316464
33373462366135363165663563363066306131666566356261343465383635666439303166656631
64303630396165333937333935343735613730613934636239663435373230373638643161303765
37383762663033356638663030613164313165663735306262303030623032376166666136353434
61383963373465386363353466343530316632363136313135616362333865383434356131373938
61386534636463346138343833386137666531373734313831656239373436653838303064336661
66356537356466356237633265666336356132313334383662393362316565383636363562386635
34353563656239303936373566353037623639626530623064656437646333633839323166666135
34646466306665623232633264323930386437363763386532353262616561613634613362373161
30376436303536383639626437633732363837366539303163346131386434633131663362623537
63353565373963373663313661316330666537653466653166623564336438613262656263306338
36643634363138326235313236663039643761643638396636656331313331333739393261656632
64303031323234326564353933353165333463393763383238356662613964363939636665393736
33343437663032633737376562376234666362633431653036393761363536653964346633666166
33323562643061626165323631643861616665623737383739316663623633626265643735613161
37356639336438343539303561663962323438373564663836383531356531326665386561383465
30303430316338623865326462656138626466336130663532613136336439643932633761313035
65396437306262636335306639386433636661303663653361373663353865303864383534383565
65613761373831373838313163616331623333303936613539303866346563666534373933383631
37366361346636333364303935643261623137633231393834306532323136363363633136383663
37383561646637613030336632613838346330663134336264373366366461343766366666653735
64616437393131623862393330623633396237646465396635656430623232303934353365393662
33363263386438353634663930626333353337326266623164626461636366653663373837656462
64623635346636393331393666363537633566656164626231663334633234356434323938653531
64643737383632656261333434646362623739373236343764636430663636666638393632326134
34663239346631383231646330353731636136353934633661613733386262666339316339343766
38393639326333303439356133636136613363333061346633363733366637343861376166613363
30623532633364613033393566656431613236336338323230323138393636353338323261643532
30343161613865333334346265306633353334623164383535646335323961353633373533643365
35373765343437646662316566353461633961313033393638353836353163643032343230393866
61326264303835316439336230333939316239393434343133633961333537316265393938653333
35656262646331633464333630316662363833663731373662323035646234623435393937333532
62333638373037373530633531316634353535633765313065343463323766356363363138306531
34653435623066363834643963646536626362356463346366346638313635316637646431633531
35343566663464356430383930323539336139346165623133326132626230306462313765303765
64323961303166633166346638336162343233643832643961393766353030356231306534373438
38376537323265363263323732633730313264623863646638303565326663396238653663353136
39656137646430646133663638363736313965333164333261663639653733386561633766326564
66636561646163643762366331373732363661303833666361396430373032656636333634383335
33633332373138393731616164396233666630393435316639366438356434663064646566356131
37333339323932363038313634333065636662663831383939386333656138333963646237636133
38643533303861353339316234613937303436643532626137626537663032643261343862356666
66303637313235353465303265323831396431643739383239363561383465336563376631616464
39653564623965326434383862346661343864313439303834326438386262663630393332623939
35313363653639346164373164303838373064393633643962633762633765303064303737643836
33666233636430383137666233343332643835373237333437363663376362336637343238343966
38626261643038333666633538393732613765333335633663623162323930363735383036613637
63353261656238653536303531363361353136353838633139363931663831316236666163323066
32623963396265653030623063333966383166393139623633623163373038343539646434623663
66346430326239353361313662393734383131663936643332383337393166393034636566333139
35623730303430353139353538646363646635663630333134386334383961306661623636613466
61393837303831623663336162396533353464326234613937626138323764373164663935613139
37383133353439613836366436653738393737616433373033313762363234646337633462623362
62373961346233353536393539623134386437373035353238353138626139613635333562646636
35623566303366383262643264386465633638393462613435303035613265346534383639653563
31646539356131323665383539376430616130383731366631656133666463646465623432663765
63386238666664383137336464303030343335386530633964333533336666373637613064613136
35356461346130643536333135313263366130373864393435643165653638393064666162343936
32633933316637376631663335646434653966663966336134613461313432663861633836326134
63616461323565333138323866366130376232653934383236306530373265333539633565666137
64643961356266663561653635323562373464386466616236336133336636323238636666396134
65663434303064383164386235623831653962353530633434333766373534633439383461623430
65643439363739623633383135653836356563303430613463316263613231626634303136376464
63616161356663306235666532353465306164343537626131353634626231656232613431356337
38613263383132386534336262643538616635626365333064663337396635623735306264653636
63393835356534373239656539626664306263643539363332386364666263356363386133346632
38353063363637656234343638393634333837366630633366613731643133313465666166313439
36636561623239363363306366333465373937653861623535616262396233613563663765616532
34363839323634613736363937666235326538366636383838353961636432616332346438643336
30373661343666333830646134323664316634383362313134393034323038333162623936336132
36396365353733303761636564643538613162386461316232633535333532636133626237633937
39346664323134646262393636656461386233333165356635313033623062316537306561653266
62643861643431616238633138616265356338626165643962616139353533353963366433666335
31343439356330306561303066363437353431346563623634373234363266373032616261396432
64346535363033326434653565346631323336633137613735336438633233303431383731636431
62353936303634636531663361393666643061386663323034626139323231326432643735383861
38636630636633353265343461363964626566636430653561333463646363333061363839616266
36306264643532623238353337613865633034366133643935393131663532363362353764333734
65366338616265333562313633353165363361663363316662633531663539373265313335653139
30333462353637626664356264326331663762393364363437306430333233323562663834666362
39343365366431653231616538373238656364396463356435663533626239623534336237383131
63623230633439363766666535346432393939633531653830616262376163656361626365343430
62393832313531316133383431396438343231333066323566616436363435386537623933626535
3337353461303062376663343631393361306335393830346665
